>> a1

tension =

   70.0000
   93.3333
   70.0000
    8.4000


kappa =

  534.3333


max_tension =

   93.3333


tension =

   70.0000
  120.0000
  150.0000
  160.0000
  150.0000
  120.0000
   70.0000
    8.4000


kappa =

        2401


max_tension =

  160.0000


tension =

   70.0000
  130.6667
  182.0000
  224.0000
  256.6667
  280.0000
  294.0000
  298.6667
  294.0000
  280.0000
  256.6667
  224.0000
  182.0000
  130.6667
   70.0000
    8.4000


kappa =

   1.0134e+04


max_tension =

  298.6667


tension =

   70.0000
  135.4839
  196.4516
  252.9032
  304.8387
  352.2581
  395.1613
  433.5484
  467.4194
  496.7742
  521.6129
  541.9355
  557.7419
  569.0323
  575.8065
  578.0645
  575.8065
  569.0323
  557.7419
  541.9355
  521.6129
  496.7742
  467.4194
  433.5484
  395.1613
  352.2581
  304.8387
  252.9032
  196.4516
  135.4839
   70.0000
    8.4000


kappa =

   4.1601e+04


max_tension =

  578.0645

>> 