>> a2

tension =

   40.6554
   57.6209
   46.1445
    7.9723


max_tension =

   57.6209


tension =

   49.2640
   88.1810
  118.5932
  140.2088
  132.1716
  114.9699
   67.4651
    8.2501


max_tension =

  140.2088


tension =

   63.5828
  123.3437
  179.3292
  215.0138
  249.7238
  270.1365
  282.4154
  286.6888
  285.9224
  270.2156
  239.7655
  205.8997
  168.2215
  118.5321
   65.2779
    8.4014


max_tension =

  286.6888


tension =

   62.9462
  124.0765
  183.2369
  235.7412
  286.1178
  332.4689
  373.7173
  410.8183
  441.0051
  467.1533
  491.3640
  512.2901
  531.0976
  547.7831
  552.0703
  555.3762
  554.9150
  547.2686
  536.7874
  524.7013
  507.5338
  484.3778
  458.8084
  429.3420
  394.1113
  349.6116
  299.7345
  247.9285
  195.5936
  139.4205
   73.5348
    8.3200


max_tension =

  555.3762

>> 